11.355176435187476 37.55575306483002 -6.291339178890731 18.287023831202642 4.623106697402757 -10.96807540168825 -21.802717488702395 28.27247980069424 22.0281465647028 -9.788363953901946 
11.313255924663746 -31.891643922764025 7.015008250766908 -49.942875614354655 -36.82334574551438 40.1864847326116 -23.185163221439474 -6.517522092547157 -2.6160091888764114 -29.808488349081397 
6.531025831811565 31.203608368819047 26.88320578788962 -11.534017680642672 -47.46152930265496 -41.668938410804046 -48.561826481706625 -32.66258568010405 -41.56601473672892 -35.8362665730925 
22.316286235134253 49.09457941299063 49.25206751487654 24.805187191339193 -37.27602983866839 -35.15689533344643 -7.493764741206544 27.369792126631374 32.75418717017891 21.479659925961624 
11.925867556882054 -26.13298919720538 -15.004368740414286 43.33036193099529 17.92864067300347 -3.969857326668702 44.93774815571773 13.721107346264228 7.160733030074818 22.3263316224396 
-2.2804158828363508 6.571697628505058 42.022491728704466 -41.40228484001396 -1.4908160480284982 47.43845232330759 32.8278861769545 -44.77547688389587 43.388073168343766 23.68499097720087 
26.46486613789515 -3.1270280691699903 -29.587529561964143 21.168429990203343 -23.591662606385032 -3.4761179443879686 -1.8904069399391599 -35.57484611639933 28.31400496257671 -12.397142572145736 
36.8651536813921 -9.035075944016723 -35.96771943968784 20.654344672919244 -18.457509488267632 -8.957735983410808 47.01584867663249 -25.335144491242357 -46.92755637821102 -1.0061876513455026 
5.1103935094299775 -48.57409022933845 1.543665140603112 22.643541888674513 40.23650268699408 42.98587507257672 -13.576397624423187 29.715765815630956 -12.071346684879325 3.9342443562947693 
15.173368274784671 37.33499423199582 -29.234939285416893 34.588052014472915 41.5939340782929 13.789985456060394 2.4382759251156294 -29.21500150322691 36.00208268246814 -16.373368067855232 
-3.8783317555412755 16.7956117610496 -18.181579956669648 28.078762923334054 41.854342531636114 34.24943856294742 32.440518000728744 -20.328464005795876 4.507222310064252 44.783883520315946 
21.080587414588337 19.691733058818496 48.020205641325035 15.170153193462177 -14.709377557054381 3.4226461732746793 6.717182706253988 19.970167653631922 -45.535412889991136 13.872939996549183 
-15.504056030393942 -23.24343794388889 -3.463696262296767 -19.269999970823026 -43.139426356625385 -47.86428536101869 47.09567067602202 -39.94206848937342 -18.36172202349958 -4.075926420059284 
-31.167993055192778 -30.788113032792086 -10.239605169442811 28.338388341271457 -5.56626091557969 -35.04434119327156 13.5780467737616 29.774832345101633 -11.61560945650093 33.60923016820988 
-20.260736628091202 -6.189956973547972 42.74037089358954 21.518989022066926 18.67495708352941 -19.803839992970374 36.14875281719531 -17.31138357995814 -31.500347333771185 26.94656894226114 
8.849961643871751 -31.559082868890275 -17.38844616775246 38.46638584866328 23.118156742177952 -16.994192317595967 6.96168542401373 6.96653308607792 -15.569604792139756 -1.6484590674085253 
-7.246775982921616 27.93474333669277 41.341320614867826 -39.67669660863628 -0.37264326466155406 11.466311159986786 -27.98490328884253 -35.206698479659615 41.25026386498391 -42.11293742834632 
35.90330992630501 -37.83533320344441 -37.27105585162529 22.335352556777288 49.96809602770804 18.79691736176723 -37.40080499105542 -29.77912755734358 25.288976914235693 4.811662432001262 
29.061050155685354 -14.360315758147701 34.6993918713682 5.586543833940594 6.354725669341288 7.398268029192434 -18.42431296648075 14.656606613130496 -47.40263696960441 32.2815798773316 
8.044189438860904 -43.60918614333775 6.905467812081978 -4.249757406797849 40.27427737974768 -30.227998404754487 40.75932504256856 21.367473713457453 40.09344555685157 7.2501169255141935 
24.10168412288992 8.245021850375068 45.11433069520019 20.280374572554948 2.101917656784902 16.214503137040204 -14.639076939479324 0.4903599135092751 14.761217828239614 -35.28298832486521 
-9.42145869043559 -44.00498455108591 -25.19041597287307 1.4118233654546786 34.835947021143134 -24.975106834851367 -49.83153480416779 18.21194768571244 5.160361313586604 -17.315214704095283 
17.132659217808353 12.616867047430558 49.48693428838653 -20.09735245680747 -4.228513995625294 47.887775383956445 -47.38009913888086 26.966855441517968 -47.538537589366705 37.59554099461768 
29.102081123776657 -27.761560015690268 48.288495511029886 1.4887263647494486 6.45883049833823 -35.77691110643865 -37.760833471419055 -1.2803968000877575 -1.4008444929521469 7.164028715531567 
26.009575554354036 25.153764016305256 9.800046436755816 30.16880144608196 -11.65352488419622 41.4134288163189 21.39798140652791 10.98261842221213 29.23839065588937 -1.775541793927582 
-39.53140749737987 -3.7321558614309858 6.386147284598975 -49.89146421672045 22.98312928350135 -12.074127865736218 49.868910680190204 -28.18699975764516 1.2764640122886917 31.861398955678276 
0.035924288652566805 -21.042877370784595 -20.75664111612372 -29.49580869756927 29.536470748293908 -40.67722199195065 30.695489195847124 -23.529243618339546 42.74611153449366 -2.0102716142758825 
13.251728412971564 -22.618396374154027 25.466845282764773 -33.63757010212822 -33.78408812418304 -29.068213375604802 15.712692755046142 3.9730664377177205 -38.63969795346056 -19.142605885852625 
44.79542538876372 -25.81466707607992 -14.565833746512968 19.838881206899607 -29.484944889782984 2.8409279354480454 5.417496667604871 2.984318199162428 -11.55711968904345 30.520359641636475 
40.534668975049215 47.866551340814766 -36.06413922253696 19.406336223136435 12.756389593560225 45.618350817676635 -23.33414499268658 38.29201594200789 -35.216530560978 47.54558127035416 
-10.343043429249166 -28.199981770979377 10.424985930886454 -16.123714972445935 -36.97486261939977 -32.38207120486925 27.108324387026215 -8.536910165130996 1.7531439868597731 -45.99554226814765 
-21.891539149497053 17.782197564112067 -7.287174597633284 -20.797503596151167 44.94514222528496 -40.26958666533056 -24.54841743879016 -31.556406755874267 39.923817476704585 30.087484981272905 
8.002935375533848 29.193926536379287 43.52844043584223 -44.161235691566766 48.91634745041705 32.681734902757384 10.380660580856294 -8.207563259243688 16.22012149932679 -43.98724219155847 
19.2754934119136 -5.881034358175041 15.059165121645346 -1.393167340384116 21.27193049008249 39.61078502463404 -4.383215168862575 36.4126864892108 6.566694176519283 -0.3145281680239753 
-0.40584295877258425 -28.804143230322854 -5.525437600191507 -0.6990515650683982 6.242964228807724 -0.6021652520004972 26.692206154138265 7.683033061007761 41.04993074004436 11.42950787111806 
-11.952621837010502 -25.966116855493993 28.98908184706205 -45.09901443146972 7.90458883014672 -14.048199678177308 4.237488721301341 -30.3394096400459 -41.26415271061965 -15.97970363842146 
1.345952265756034 13.23687391555758 -10.198212624178836 5.6433812971629855 31.005398798693463 0.6346492288014538 -22.279325897954916 -7.4295816300604 41.83857027735273 17.837087215902148 
33.112486978278774 12.436239148508022 15.552926827024338 -29.01767519555174 38.67586651530331 0.8901646939413865 -23.132009564997325 -28.846254110541423 -39.743219772732864 6.79555022868562 
-8.439958591660556 38.61214854699033 44.33112904716447 -44.9110219648713 34.9334430872028 35.869808606351185 -29.536712086219417 -17.298139511197952 16.60586185444427 42.29363469842068 
-45.25401851754617 -24.909988825023042 -40.11009724231095 42.32979733593684 11.787582920243233 -3.313107122093839 45.91997614082758 -33.7448673258169 13.95470857361052 -23.12672367798858 
47.52644720918102 -20.702170208809168 -32.839121237949975 2.2000238616499135 -27.166800148130132 36.32664188253851 47.17274348171062 46.91970171781229 -45.4684555166888 -19.17578368950974 
-8.502842241507036 -1.2207494923422435 -44.18342387741592 -25.93582350515874 -48.97354854100938 37.733017946133366 -45.521685519980906 -20.541752807575854 15.864391657049037 10.773536525500427 
49.39113440276939 -12.199460115034189 43.3242030446081 9.152515403352968 2.462913169867098 -9.173420060801963 31.102074681499204 7.1136115062135685 32.57351955380895 42.782712895977006 
5.30633546798609 18.854868911371646 33.42981269441654 31.78946053310916 -18.15207254100386 1.6726122744026184 -44.78118536821613 3.3860804296900637 -5.39199930798635 -43.69791764937588 
23.796972226586664 -13.202482044355046 -31.350671622493877 -37.571977461787064 31.073310325040925 -2.7576973269653138 -17.405362407604297 46.066957096930985 15.003889124691694 2.4617763081599686 
-20.197841436792253 -29.043791426452515 29.69537663836803 0.3739149529952135 35.95314285273318 -9.258083760444592 30.72205712419248 21.649585386841018 -0.10318895939797068 35.00040356398858 
-10.434637217444376 15.974368267229199 -2.3028456803643738 34.320856862264016 34.63823778048831 9.441690648138913 25.552086223574612 43.72314255394729 23.223532512433565 15.241795075922127 
-39.150690833979006 -13.723325985564028 33.85397003917864 1.2959176024146202 -2.4706306530980826 -22.570181137940548 -22.974723046094702 -11.279077939203752 2.4393710934302093 3.2423959346317255 
-45.92503394110982 -24.355758369076607 -13.269998976456154 41.85058769585843 16.300528698763117 25.52532206030278 48.16354439272905 49.81021608950654 17.278474107262177 42.77758336036802 
-30.656795780052214 10.586850681611049 -49.68998892498983 11.584793701601882 -7.31251736976779 27.04876934130511 24.094361361928218 31.418771214530615 -10.749190928976349 -10.806385566377163 
40.282639183268465 46.02837673284154 8.008846308374418 25.899274786408842 -34.25734775278586 9.0969681885674 40.29626856089492 -31.79913402464347 26.331545833795232 3.1313727069210873 
27.570890916419867 -18.494020588636563 28.48612399563848 23.273711167301258 10.011018289274675 -1.8332645611816134 38.68123313482038 -22.212932275235453 -12.450255107575025 -3.792621255662665 
-48.94226937671654 -40.12141386680251 -4.888571294057121 3.6319989963430777 -1.011050186885487 20.32754356330284 -1.0983910548882148 8.939707618173243 42.10028474359693 14.85998543642496 
20.889838262844307 -12.733023145705523 -35.27554437137679 21.952008966114345 22.30770122492437 -34.688307013705455 11.320641599767677 43.4594341592199 37.656923190667555 -9.470895325867247 
-3.473945753557761 14.22062208024608 43.40627804540061 -25.675477579592876 -17.237167733929436 -22.54127227685484 -35.96663732670863 -24.234578847181808 43.037174380827416 -25.233219163510277 
44.59020692991468 -18.45562024067634 25.97791670759808 -45.14662200022119 13.882863978613225 47.88205185048204 47.98268747915221 -48.86254859230507 27.6932941246681 19.221219394120116 
-15.687889843615753 43.97504697297497 12.48471688159044 0.6605834905368924 -13.87522818735082 -34.07902955262102 -36.54028332606249 3.2253064478032667 45.08782807908695 47.27567683372425 
14.88266203796902 -29.29896538174851 -22.18025073390326 -23.174755871222164 13.100099928837206 36.12894964302209 4.516832943249693 -27.607732893847636 -24.18587198712645 31.59431299317299 
43.64528126486575 -32.066140630481335 12.883196946266862 -35.35583720281841 2.0453832901812796 -35.79330616031514 -36.79062183173809 -30.50349760697336 -18.615206493265823 -38.54710763370518 
-29.221809552408263 32.54315945920926 23.37540489753459 3.9445014058917427 42.79193966638679 -32.72284600134016 -47.59024657282015 2.584143087093038 38.79807281526306 46.50987942147581 
-39.62769572191195 30.294634550189702 -35.58869923749969 -6.950922058862874 2.8267602836064 -38.192249258150156 40.37751301400444 -24.259754300042925 -18.536879928976767 -4.2502918508589005 
-12.391760140565644 -49.567101654809456 -41.18678474493446 -33.63265952809367 -45.11088462136827 -47.10690266537073 8.466038481019655 16.06192547700058 38.17568078008509 36.63141550299055 
43.58836666995265 -41.736321444616244 -38.46165037242548 4.325020675655711 15.326190360262215 21.450754924916282 41.32342081666353 4.065129302478232 46.60180654148145 8.48718185707048 
-0.05633143684730113 -35.2703655006832 -42.242169341453575 36.984487769244346 -25.48608060531743 37.09292332423757 42.63888054044765 -34.260763920954815 -25.681602074881006 -44.02355835476327 
-31.772475009959056 -35.41283597011882 -14.125500520984502 -9.756630277290846 2.076885183338628 -16.978330380589625 4.844752366448812 -45.3728737372754 29.628251250470427 -17.580435053286237 
29.558539464596212 -38.299621562824804 -39.02125315503305 35.96123860941507 -12.04497224230099 39.72640755931953 8.842210731595834 38.16248259148757 0.07991235753783688 36.71441336876477 
-29.2255997851111 4.182484987717738 41.034071080091095 12.997345429008146 -46.73707388423484 -4.4655625119703775 -39.385486909658894 -22.509251338519743 -4.893378735140685 -31.12219988264139 
-47.47422487682778 49.465278586725105 45.84805085907765 5.320271087259377 -48.534910342879115 -29.980962141618008 -38.00275711149398 -25.501236650736736 39.00792081917075 -46.935612871710354 
-32.016677683599795 10.824922313321894 -21.9168958764297 15.6373573522131 -39.694119321246376 -2.2762421013021616 -45.68044669199875 -48.52076740397605 25.115761289387393 9.217807164461512 
-41.04649155841671 7.504639474833352 -14.753592730476894 -17.075179134069007 38.9168906240021 13.997355548649193 -26.316071051957234 -41.569896615846446 -33.2442521654984 1.3974848657770655 
-3.9906009640118922 3.063628879936242 -40.913983281913744 -3.3587716961208325 9.902241073311767 -37.97128718584199 -41.785131880917234 11.660282708660352 -29.90273143962674 21.035055334144293 
14.792411090326796 40.13115292718982 -14.776322040133238 27.882380366688132 -25.723141328998445 31.472001375525515 -12.071010545084949 -42.24122925698603 -16.459995724216235 -47.594419076410674 
5.465023429401472 -39.49781056617155 41.214446616036085 -11.168508550816247 42.20322046027904 -39.345451408778786 42.40677513952627 18.911425330994614 15.27187691958104 18.001834301734444 
-4.589661875760598 -0.8297084044753822 44.50867783337521 36.67107227939038 20.490147432946916 22.87423277393108 -0.8942728565095925 -4.562780103084552 -38.536337755609786 4.171706482719095 
44.899078922634025 -22.96326441296266 44.05800803841141 -21.338093629966416 9.045635856240741 -22.861403092028 -8.666796492083762 47.86573651828905 2.7684323997469895 6.8960541908365425 
-12.45254506802278 29.998054570949286 43.659411524451116 0.8596422130164649 -21.218599448309195 -31.352729695961823 -40.334045614678814 43.015461742955864 7.585474751355525 33.790687512054305 
35.47703102419539 31.581417840186887 49.63304438155185 -6.646578856484431 -6.097160777625454 38.80164826193436 19.464024283154725 -33.37218203673966 -2.508105129187155 -1.3880647889677244 
-47.65754840460189 -17.284337444572294 7.570805768631406 -46.008117043414224 6.184027940687109 45.79966605035871 -17.38207212232328 31.672757513041216 46.73835186940936 4.7702498108317615 
36.42865890897799 -42.81437487841308 14.20403586925163 0.9206607022867019 -39.08544495769988 31.812020606192792 27.18548235816842 -46.546293050487805 25.757235639178198 8.039241472184466 
46.73811419635802 -0.8268850722071841 -42.30600159018899 33.63564970642546 45.30208546950405 -40.82723632991217 48.814627519867756 -17.85984038848052 0.1014588278645201 24.021165876521057 
14.876378016535375 -48.82284917074404 -15.99383363106769 4.8613342071343375 15.286857476964766 36.03911248538751 20.459253577845736 7.586482841539121 37.35460747340572 -14.189352674804079 
-48.33847105379532 47.02566175753682 -46.272840350354485 -15.412023991109303 20.119571742623176 -10.742242481287057 -29.93248249449101 -24.50258574804669 49.52055315386035 -18.568855683769037 
40.42218884790113 18.773376575957435 8.949188731486235 8.915933027730294 -36.964521003915095 -6.141538931813939 25.343864163200248 -13.606667941055727 41.18866378367707 4.5782745452909275 
31.99516915379954 -23.477496742203385 5.539773314941976 -28.556787748461844 40.761870213573644 8.386765942874552 -1.3461385148561766 8.789986826672259 30.143897466706072 25.935709455638843 
-21.006977235588785 -2.1812226930961964 -25.001731594602727 13.40908159495433 46.809977502771275 -12.48472832440103 -26.020670679683533 -22.5729656884754 -9.887521740438842 13.704816200264759 
-22.30161386580566 12.262966959882181 4.9530590926264555 -19.822194352464262 9.185970469881244 -11.202952588042114 -48.78977918406346 22.402275991577348 -31.893222966138225 32.05876183834941 
47.200435740619625 -38.339068556959965 8.459043233927844 12.774948114484364 20.67989670009527 -24.171095728757518 11.538866775479084 -40.146797512709256 -27.896627683262388 28.96743354969038 
35.54252978107666 -4.944152470239138 -17.00547249874346 18.07733860874935 -39.39477224695123 -15.004679779023899 31.48971218847272 27.75289449390269 -17.345048372226557 -47.526121277774266 
3.1517135973409216 23.4327615327522 -18.41909254527405 6.304541922757956 18.87531597047324 -25.132981251303864 -49.48581141022077 -46.69047802282095 30.94847521709203 -34.121573242399904 
44.89213146755363 -35.46041323129554 -3.416292657424369 20.761202743950967 -18.33969703517271 42.348899081394734 -47.111463959669045 31.656209037556437 -44.35835883598498 -11.717961532581434 
-19.24342130264535 30.218946383989 -19.376739756216388 32.01557025652173 0.5320139721314843 -23.655140168895972 -9.184798517070236 22.256199346011975 -46.408897060931956 -25.457335295190898 
28.432036225289625 -9.508229711693538 -46.61200610412302 -43.345734946297696 -26.3099662452151 26.949112186130698 36.65222981859356 -39.15277716256252 -30.304532700254583 36.01499450515273 
48.39504002041677 21.375740630179152 -26.483592632407536 -0.6925870269320233 28.351226788069816 28.57430767764416 10.165822567930094 -9.833642651229656 49.15891166914075 -32.88201398701287 
-39.723103107400426 0.5499624050055552 -31.33897993374487 -32.71675737299731 -39.49859515279878 -0.29345972623727734 -16.993411123324474 21.648139691995382 -46.60757244278484 5.295435485426248 
26.414029210002333 -7.08079217516887 17.2907370472409 15.791903331925495 -33.13841095850978 43.7704084715748 -2.54087280260763 -14.787220732564988 -2.440266347306741 45.01468843891543 
37.126484413777916 -22.788262393634795 -46.61304822243745 -48.325627048219346 9.571413538371765 -31.350787175353577 -7.253657429851534 -9.626571202389368 -21.06644107861716 -46.45449025104059 
-8.720964758826067 9.397629241817096 -2.7571368565106558 -41.358585352423795 5.558280045076613 14.588309936653964 -42.22193213612423 -18.991182993599864 1.4739801154879273 45.420984918078744 
10.190054328694076 40.93740726051702 20.74763262097067 25.71088363807116 -0.41073957721420307 17.356938391499444 -29.62077313763707 31.337959902051605 -1.643942006903898 -7.172009739371199 
-37.33423029370684 13.699457314764441 47.30284968610923 6.302719279780633 -23.539327486087668 -2.331038952296316 27.806476869129593 13.381615126824343 -20.202327142465215 -38.905106706710015 
14.388321638912993 45.92482433795308 -43.196739816362864 4.9546548002013076 23.57561235246023 -22.338126522146972 49.62318301028152 2.849552127664645 12.569736368387307 35.132354425656054 
